A =[19
27
30
38
41
45
50
52
49
46
44
38
38
34
37
35
36
31
32
35
37
38
37
37
37
39
38
39
39
38
38
38
40
41
39
39
40
44
41
39
38
39
38
37
37
39
39
36
37
37
37
35
34
33
31
29
29
31
29
32
34
34
37
37
43
39
36
35
36
35
34
33
33
32
28
32
34
33
33
32
35
37
35
39
37
35
34
33
36
35
40
37
40
37
36
36
36
38
38
40
35
42
42
42
43
46
47
48
48
52
50
46
43
43
45
43
43
44
43
41
42
39
37
37
37
39
40
39
39
37
35
43
44
41
41
42
39
35
34
35
36
33
33
40
38
33
36
39
39
38
37
34
34
31
35
38
34
34
38
38
37
37
38
38
36
34
35
36
29
30
31
30
31
32
32
32
32
34
36
33
33
33
32
35
35
37
37
32
31
31
30
32
36
30
29
26
25
27
31
36
37
39
36
38
43
47
52
54
53
51
49
49
51
50
43
39
35
33
32
31
35
32
30
27
35
38
41
42
46
46
44
45
49
53
48
47
45
41
38
38
38
39
34
40
41
47
50
52
51
52
52
54
55
50
51
46
42
42
42
42
43
41
43
40
38
40
39
38
42
39
41
39
34
41
41
36
38
41
37
35
33
36
39
34
34
36
34
35
37
41
44
43
41
44
43
45
47
45
44
43
38
35
38
36
38
35
34
35
34
37
42
44
46
45
41
42
39
40
42
39
36
37
37
36
39
41
44
42
39
40
37
38
35
34
33
32
30
28
29
30
34
35
35
35
33
34
37
43
44
39
40
42
41
43
50
49
53
47
47
52
50
49
49
49
44
46
43
45
48
47
45
42
40
43
43
42
42
39
35
33
34
32
35
31
31
30
29
29
33
35
37
37
35
38
41
40
42
43
39
39
39
39
47
45
41
44
44
46
48
50
45
45
38
37
43
44
44
42
44
42
44
48
47
48
42
40
38
40
38
37
36
33
35
34
37
38
38
36
32
30
33
36
38
41
38
37
38
43
48
50
51
53
50
49
51
52
50
46
40
42
40
39
39
39
36
34
34
32
35
34
39
37
38
36
43
41
41
43
45
45
41
38
34
39
32
33
30
29
26
25
22
23
29
26
29
31
35
36
39
37
40
41
43
42
46
43
44
47
45
44
45
47
40
38
35
38
36
33
34
40
35
33
41
43
43
42
45
48
46
44
46
46
40
39
36
35
32
26
28
31
30
33
36
35
38
39
44
47
46
47
54
54
55
61
58
58
55
60
63
58
52
50
44
38
39
39
39
37
35
36
39
34
39
40
42
39
39
36
39
37
37
41
38
38
36
39
39
39
40
41
39
39
38
41
41
42
41
40
37
37
42
39
38
36
38
39
40
40
38
39
35
35
36
39
35
33
30
31
35
37
33
37
41
36
38
37
38
38
37
36
38
40
35
38
40
41
44
46
41
41
46
43
48
50
49
50
47
45
49
49
45
45
42
36
34
35
36
35
36
38
37
37
38
39
42
40
40
39
35
33
35
34
32
32
31
28
28
32
33
34
36
38
39
38
37
39
42
39
39
35
31
33
35
37
38
39
36
39
38
42
46
44
41
39
41
41
38
37
38
40
37
37
38
43
39
35
38
39
37
34
33
33
36
37
39
43
45
45
47
47
53
54
56
52
51
50
46
47
48
47
44
43
43
44
46
47
50
48
46
46
46
41
39
40
39
39
36
36
35
35
34
37
34
32
30
28
28
28
30
30
30
28
27
29
34
36
38
41
42
43
41
43
43
44
39
44
42
38
37
36
38
39
47
46
47
40
46
44
44
44
43
41
33
32
35
38
33
38
41
39
36
37
43
42
39
39
45
46
45
49
55
56
53
52
54
52
53
50
48
46
47
50
50
50
47
46
42
41
41
42
45
42
39
39
38
38
35
34
32
31
27
27
34
37
38
39
39
41
43
44
38
36
33
32
33
36
38
38
39
37
38
43
42
40
44
39
41
42
43
42
46
41
41
42
38
39
37
36
33
35
30
32
30
29
30
31
30
27
31
32
34
35
36
36
38
35
35
37
33
34
36
33
33
35
32
32
32
33
36
36
37
38
40
38
36
40
41
43
41
39
38
40
36
42
43
43
40
38
38
38
39
36
39
35
36
34
38
39
39
42
46
48
47
43
46
47
47
42
46
44
38
37
37
41
41
40
36
41
40
38
41
44
44
48
44
45
47
47
47
50
50
47
48
46
49
49
48
47
43
38
33
32
32
29
25
26
27
30
35
38
38
42
40
45
49
49
47
47
44
46
53
53
57
54
57
59
62
60
65
64
58
57
54
52
49
44
42
41
32
30
34
34
36
37
33
37
36
39
40
39
35
35
33
31
37
40
43
40
43
44
45
42
39
45
40
39
40
42
47
48
46
49
52
46
47
46
43
38
31
31
33
33
31
34
35
34
34
39
42
41
39
41
42
41
43
39
39
38
36
38
43
38
38
36
35
39
41
41
42
42
39
40
41
43
44
44
42
41
46
46
51
52
53
54
55
56
59
59
56
56
51
51
51
50
44
44
42
46
48
46
45
46
42
40
42
40
41
37
36
36
38
40
39
42
44
45
44
44
41
42
40
38
39
37
36
33
35
36
35
32
34
36
37
39
38
40
36
41
42
49
48
50
53
54
57
56
56
50
48
45
49
44
43
42
38
39
38
42
48
47
46
44
44
42
44
42
44
45
42
42
36
34
35
34
33
33
35
28
27
30
37
39
34
36
35
35
33
34
32
33
32
35
39
41
42
44
46
45
46
42
40
36
37
35
35
33
33
32
34
34
35
39
40
41
41
42
44
44
44
44
40
36
36
34
34
34
31
35
34
31
34
44
42
42
45
46
47
46
44
44
46
39
38
39
39
39
40
39
41
47
47
47
46
46
43
46
47
48
50
46
43
41
42
46
45
41
37
38
33
35
38
42
40
36
38
40
42
44
48
50
49
46
49
49
46
45
45
43
39
37
40
43
46
43
45
43
44
43
43
42
36
33
27
29
27
28
24
27
29
27
31
32
37
38
39
37
43
36
36
41
40
38
36
37
40
43
42
48
47
43
41
41
43
39
39
42
40
37
40
39
39
41
38
42
39
35
31
32
32
36
39
42
45
47
49
50
52
56
56
53
53
51
46
45
42
40
38
37
37
36
31
30
31
28
29
32
34
32
31
34
35
38
41
44
44
42
42
41
38
34
37
36
34
33
37
37
40
42
44
46
44
42
41
41
38
36
36
34
35
36
36
38
44
42
40
42
41
40
38
35
36
32
30
29
33
30
27
29
31
37
36
42
37
39
36
41
43
40
43
37
44
37
38
38
39
36
41
46
44
49
41
43
43
46
45
46
42
42
38
36
37
37
40
41
42
44
42
40
44
40
43
44
41
39
36
37
37
35
31
33
30
29
28
26
27
27
28
29
31
31
32
32
36
35
41
41
42
46
50
55
55
57
53
52
52
49
46
47
45
44
45
43
46
49
48
49
53
47
46
43
39
39
36
34
35
35
31
31
29
33
38
39
43
44
39
41
43
44
48
46
45
48
48
50
51
49
49
50
49
49
47
41
37
34
35
35
34
34
32
30
29
30
36
36
38
40
41
44
46
49
50
51
50
50
52
50
49
44
41
38
43
44
40
43
40
41
42
40
40
38
31
32
35
29
26
25
29
31
33
39
42
41
38
40
45
48
45
47
45
41
41
42
44
47
46
41
42
46
51
51
50
49
47
43
41
41
40
35
34
33
32
33
37
43
43
45
43
44
44
45
47
48
46
43
41
43
45
44
42
43
45
40
38
38
37
40
38
37
38
38
34
37
35
36
39
34
32
30
26
26
26
25
30
30
34
33
36
36
36
35
37
38
36
33
28
29
27
29
30
31
29
29
30
33
34
36
39
40
42
40
42
42
39
40
37
34
32
36
35
42
41
41
41
40
43
43
42
38
41
33
33
33
39
39
41
41
41
39
40
41
45
43
44
47
44
50
53
56
49
53
50
51
46
43
44
39
38
36
40
36
33
34
32
29
29
29
29
31
34
35
39
36
41
41
43
45
46
43
40
41
38
40
38
39
35
31
31
34
33
33
32
37
42
42
43
45
43
44
43
39
40
35
27
27
29
29
32
27
28
30
31
34
37
41
42
39
36
45
43
45
46
44
45
39
35
34
39
30
34
33
32
35
36
37
38
39
36
39
36
35
39
34
31
35
35
38
42
42
44
43
42
44
47
44
49
47
43
43
41
43
39
39
38
38
34
38
35
33
35
34
35
32
37
42
45
42
43
42
42
41
44
50
45
41
38
39
41
43
40
43
39
33
32
34
33
35
32
33
35
36
41
44
45
42
42
39
40
39
42
42
39
40
37
38
39
39
38
42
39
37
35
33
34
31
33
34
35
31
33
36
37
36
36
41
42
41
45
49
46
46
45
50
50
47
43
44
43
38
39
35
37
36
39
38
36
37
38
39
42
40
40
37
36
37
39
39
34
35
33
36
41
40
40
42
41
36
39
38
36
37
31
32
30
31
33
34
32
35
34
32
32
29
28
26
26
27
27
22
25
27
26
28
28
28
31
31
31
38
38
36
41
44
43
42
37
39
42
41
41
41
37
33
34
35
38
36
35
33
38
40
44
48
49
47
46
46
42
37
34
37
36
36
38
38
40
44
46
52
49
45
42
42
40
41
40
35
36
35
34
36
37
37
39
47
48
51
50
52
57
56
54
52
51
42
36
34
33
29
28
27
29
29
27
30
33
35
37
42
42
42
44
50
51
47
53
55
54
47
45
48
47
41
40
41
39
35
37
40
43
43
39
37
37
38
35
40
39
37
35
36
41
44
48
49
53
50
47
49
48
42
39
37
35
33
29
28
31
38
35
40
38
43
44
49
47
50
49
45
50
46
47
42
38
41
45
46
45
47
45
47
51
50
52
48
49
44
43
42
39
39
38
39
40
38
33
34
36
31
33
34
31
35
32
32
37
36
34
35
38
39
38
36
41
42
37
38
40
40
39
41
41
42
40
38
38
38
40
39
35
32
41
39
38
40
42
44
44
49
50
49
44
46
51
50
51
52
50
45
46
47
43
38
34
36
34
33
34
33
34
33
34
35
36
34
35
32
34
34
36
37
38
42
40
48
48
53
51
52
50
53
54
50
55
44
44
38
36
38
37
31
30
35
31
33
34
35
36
32
33
37
41
37
38
39
39
42
41
46
46
44
43
44
41
43
41
39
44
40
41
40
36
37
41
40
42
43
38
38
36
36
37
37
31
33
36
34
37
38
37
37
39
42
46
41
34
40
42
43
44
48
49
43
43
47
53
50
47
47
47
43
42
43
46
41
38
36
33
32
35
37
37
41
35
40
40
41
41
42
39
35
38
36
38
36
34
35
39
37
37
42
40
37
36
34
36
36
36
39
39
33
31
33
35
41
42
39
40
38
37
39
38
39
38
35
34
37
37
39
40
39
41
41
45
42
40
39
39
39
43
50
46
46
41
44
44
40
36
35
33
29
31
34
38
36
43
43
48
48
47
50
52
49
47
49
45
48
49
47
47
42
40
40
37
38
35
37
33
33
32
35
37
37
41
42
41
39
38
40
39
37
35
36
32
29
34
39
42
41
43
42
40
39
42
41
40
37
33
36
34
35
37
38
39
40
36
33
35
36
38
37
38
35
34
33
35
41
39
37
35
37
38
40
40
39
37
32
36
35
33
31
29
30
27
29
32
35
35
35
38
41
40
38
42
40
40
37
35
35
35
33
32
33
35
35
32
36
38
40
40
41
41
43
43
42
43
39
37
33
34
31
35
32
31
34
35
34
37
37
35
40
38
37
35
34
33
34
31
32
30
25
24
29
30
31
35
36
35
33
35
40
40
38
39
38
34
33
34
36
38
34
32
32
27
28
27
29
26
25
24
28
34
31
34
33
34
33
33
37
37
34
37
40
41
44
46
46
51
52
53
55
48
48
46
41
39
38
33
27
25
25
24
26
25
26
28
29
32
40
44
43
47
44
47
48
50
