A=[14
28
36
44
43
38
34
33
38
36
42
47
42
39
48
46
54
51
42
44
45
43
40
43
48
45
49
45
44
40
41
40
43
53
51
48
33
30
28
37
53
52
36
31
27
32
32
30
35
38
40
37
40
48
48
38
33
34
40
33
33
31
39
38
37
33
38
38
33
36
38
29
27
33
39
43
48
51
51
52
35
34
43
44
52
51
47
40
28
42
30
27
29
36
38
33
34
25
31
35
41
45
41
45
43
40
48
41
37
41
51
43
38
42
46
43
39
35
36
43
48
39
34
26
29
27
32
34
35
34
38
44
39
38
39
47
40
43
50
47
34
42
47
48
43
28
27
37
40
33
42
34
37
32
38
45
46
40
37
32
43
44
45
42
34
32
29
45
61
65
58
47
41
41
42
38
38
41
39
34
36
41
36
40
34
38
39
37
36
34
41
49
48
46
58
57
51
50
49
39
46
43
42
34
47
51
46
35
45
49
45
40
41
43
46
35
32
38
38
37
46
47
36
32
38
45
48
46
46
37
31
28
35
39
36
39
43
42
41
54
50
39
33
45
44
41
37
41
46
50
44
41
34
40
49
43
42
36
36
38
31
32
31
34
33
43
39
40
47
42
31
42
43
41
37
30
32
41
41
38
39
41
42
40
41
38
31
34
37
29
33
29
33
38
43
45
36
35
37
30
20
32
40
43
48
48
38
39
45
40
39
46
41
35
39
44
39
39
35
45
40
45
37
37
29
36
44
41
40
49
43
33
26
28
35
33
36
42
41
41
34
37
32
37
37
40
47
44
28
23
36
42
45
41
33
38
37
43
34
42
33
41
36
38
41
45
45
44
50
42
39
28
38
31
34
43
45
40
34
32
34
40
42
38
41
40
41
34
39
36
34
37
37
34
38
40
41
46
44
39
35
37
41
37
39
41
46
39
54
50
47
43
39
31
31
38
45
42
44
38
43
43
37
34
43
40
40
39
41
38
45
41
45
43
42
35
41
47
53
53
46
45
45
43
48
43
34
33
31
31
45
48
41
40
37
38
30
29
31
38
35
46
43
36
35
45
42
40
30
30
30
39
41
42
38
42
44
41
39
44
43
35
24
21
32
38
43
47
47
45
49
46
35
45
43
36
34
48
48
45
37
42
45
48
46
40
35
35
41
39
38
32
43
40
34
38
41
38
27
27
32
48
46
42
39
48
44
39
36
41
42
46
43
40
34
33
34
32
29
32
44
52
45
43
34
38
47
52
52
54
48
46
45
40
36
32
46
40
35
39
44
44
45
47
50
44
44
40
33
33
39
46
41
44
49
44
35
41
43
50
40
42
39
46
40
37
37
35
41
36
40
47
49
51
48
47
41
35
33
37
42
33
33
44
43
39
36
40
41
40
44
38
41
39
40
43
38
40
35
32
36
46
45
41
38
40
36
35
36
33
47
50
50
36
37
41
55
50
40
40
36
37
39
44
40
45
48
50
45
44
38
34
40
43
42
41
46
39
37
32
28
37
39
38
40
41
41
48
47
42
37
41
39
39
49
40
34
41
51
52
45
34
29
40
43
41
47
49
40
37
35
29
31
31
30
32
37
34
39
36
37
36
39
38
41
34
32
38
39
39
36
37
43
44
39
30
29
33
33
32
38
44
41
46
43
40
40
46
40
46
41
35
39
42
46
42
46
39
39
35
42
35
38
42
38
37
36
38
33
38
49
50
40
49
45
45
40
39
37
35
38
37
45
42
38
29
34
37
45
41
38
32
36
52
44
33
22
28
31
43
43
43
44
46
44
44
32
40
43
35
30
32
29
35
42
38
32
35
39
35
35
41
50
48
36
38
31
36
42
34
37
41
45
39
48
46
47
39
50
49
46
41
36
42
43
42
43
32
36
42
46
45
41
40
41
35
35
35
40
48
47
40
43
45
41
41
43
45
42
43
46
43
44
41
41
37
30
32
35
38
39
49
45
45
37
39
42
39
40
46
50
41
43
38
35
33
30
37
47
42
46
44
44
39
35
27
35
44
40
46
37
47
51
45
43
41
46
53
42
35
35
45
38
34
41
42
36
35
40
40
40
43
41
34
37
33
28
37
43
50
53
49
43
37
41
44
47
40
28
35
48
44
39
44
43
53
43
32
31
39
51
51
49
42
39
46
45
48
43
48
45
39
29
25
29
30
34
48
53
42
34
38
44
39
38
49
42
27
32
37
42
48
48
47
46
46
41
41
39
40
38
43
42
41
42
36
31
38
37
34
35
32
45
51
42
39
43
47
41
35
45
49
46
36
34
30
43
43
37
28
34
34
34
39
40
41
39
36
42
37
42
37
36
33
35
43
46
48
47
56
47
51
44
34
37
38
38
37
38
40
39
42
43
38
34
31
23
34
37
37
32
34
39
48
45
37
31
36
31
27
36
52
47
44
34
24
27
33
32
32
41
42
33
29
26
34
41
42
38
34
41
38
39
39
41
38
34
38
44
49
47
47
43
32
33
42
46
45
37
36
30
38
37
39
44
43
27
34
35
38
37
40
38
36
32
36
47
41
33
34
36
40
33
44
40
29
33
36
42
42
39
39
36
35
34
36
39
42
40
32
30
33
41
53
50
35
29
32
32
34
31
43
41
47
32
34
42
37
34
38
50
44
36
45
59
62
45
44
35
33
37
46
42
34
28
25
30
35
33
34
33
29
32
35
41
41
35
35
30
27
32
33
37
46
45
41
38
35
39
45
51
51
44
45
53
42
40
47
43
42
48
44
51
38
36
35
43
46
42
42
41
33
29
40
41
44
40
39
38
45
45
38
35
38
43
41
36
40
43
43
38
42
32
33
35
47
51
48
36
34
40
45
45
41
36
47
45
32
32
36
33
48
41
42
38
30
36
37
41
38
42
42
41
43
48
47
39
35
41
39
39
44
46
40
29
35
35
36
49
44
50
46
45
41
42
44
39
39
42
36
33
32
33
42
38
34
30
32
39
36
36
36
40
33
42
41
40
43
40
41
39
34
24
19
27
31
38
40
49
40
33
39
45
41
42
39
44
52
48
47
44
43
30
25
29
34
43
43
45
43
44
43
40
35
41
36
38
35
40
29
34
49
50
45
43
46
47
44
53
56
49
47
37
31
28
30
37
42
36
28
36
44
39
46
42
46
44
38
34
35
37
44
48
41
39
34
32
38
39
34
34
36
42
43
47
42
40
42
45
45
51
49
47
45
34
25
33
36
34
36
38
43
43
44
43
40
45
44
47
48
44
45
37
42
33
42
42
43
43
46
36
37
38
40
47
44
46
47
40
37
38
35
35
39
34
38
37
38
39
35
34
47
56
51
39
43
45
38
36
41
37
36
33
48
44
46
41
45
46
49
45
43
39
46
41
38
49
50
36
42
45
46
42
48
48
51
39
31
43
54
50
49
43
43
37
36
36
36
37
39
42
45
43
43
43
39
34
33
41
46
54
47
34
39
50
46
37
44
42
41
42
42
40
37
36
42
42
32
36
46
48
40
35
35
34
32
31
37
42
48
46
44
37
43
34
29
31
42
39
46
50
47
34
29
33
37
40
31
26
29
30
29
34
33
34
33
34
33
28
34
40
36
40
43
37
44
28
19
33
38
40
42
50
44
36
38
40
38
37
50
50
42
42
36
47
42
41
44
49
47
39
31
29
27
24
34
45
53
53
49
46
37
31
29
36
48
49
43
46
40
35
33
42
50
48
46
37
40
36
38
36
34
43
38
41
43
50
54
51
34
28
42
40
42
38
41
35
36
29
27
27
31
44
32
37
34
42
45
41
34
37
35
40
41
36
33
35
36
40
44
43
44
39
34
30
29
34
45
44
47
44
39
35
39
44
41
41
41
49
51
41
34
46
45
51
52
45
39
43
44
44
37
43
35
38
39
40
46
36
38
32
35
41
36
32
31
38
47
50
39
43
35
33
25
27
31
39
31
30
41
41
42
39
34
37
29
34
38
47
45
44
46
47
49
40
34
34
35
37
35
37
37
38
42
36
46
38
38
39
47
58
53
45
38
41
38
40
31
36
34
32
36
42
49
51
46
41
38
36
38
34
37
34
40
46
48
46
43
36
40
42
40
42
42
48
44
36
37
46
42
42
45
48
46
43
41
38
42
40
31
35
38
30
29
36
38
43
42
44
37
35
32
35
32
27
33
35
35
38
45
40
36
39
41
50
45
36
38
38
36
32
28
38
46
52
42
53
49
40
40
30
32
37
37
36
33
42
47
44
37
36
37
34
32
35
42
45
41
34
39
45
39
39
40
39
33
33
26
36
44
44
44
48
52
46
40
35
35
42
39
40
36
38
46
45
38
35
35
41
39
34
29
38
41
35
25
25
29
29
29
41
40
34
45
52
48
43
42
44
48
42
34
38
35
41
36
38
40
45
46
41
38
29
29
30
34
34
36
40
35
36
41
38
36
36
43
33
49
47
48
40
30
33
36
40
35
31
38
34
36
40
38
35
51
45
35
33
35
38
38
34
41
40
39
38
43
47
50
46
44
40
43
37
42
46
42
42
40
43
37
44
46
50
44
43
41
34
38
38
30
38
39
41
34
28
34
35
43
43
41
37
41
38
32
39
45
54
51
41
34
34
46
51
50
34
28
28
29
36
40
42
39
46
42
35
30
39
44
52
54
52
49
45
43
38
35
36
39
54
50
44
42
37
32
30
31
35
41
37
40
44
56
59
52
52
48
42
28
26
40
42
46
38
39
36
45
46
49
39
34
39
39
34
36
41
36
43
51
51
38
34
36
34
42
40
31
31
41
41
49
53
53
46
39
43
32
31
31
30
28
33
42
44
38
38
41
31
27
34
30
31
35
38
48
45
52
46
35
29
29
31
39
44
44
40
47
43
42
47
44
39
36
43
44
47
45
47
49
48
40
39
39
36
41
43
36
39
34
32
34
30
33
39
38
40
43
41
39
42
41
44
41
46
54
53
48
43
34
28
34
40
41
50
45
44
39
43
41
35
31
36
34
30
44
42
40
37
43
45
51
42
45
49
43
38
33
40
37
37
34
32
34
38
42
41
35
38
34
36
41
42
35
38
41
36
47
53
49
44
47
45
41
54
54
43
40
37
41
43
39
42
41
38
35
38
36
38
38
36
39
40
47
43
32
32
36
37
33
32
26
33
36
43
43
41
39
34
36
42
40
33
39
42
39
42
44
33
31
36
38
40
33
29
36
35
34
36
39
36
34
36
33
38
38
43
51
39
40
43
57
57
49
41
48
48
41
39
29
32
31
39
41
48
42
40
49
47
44
48
48
39
39
43
40
41
52
57
51
33
34
47
45
38
39
44
45
46
47
40
51
44
40
41
47
45
39
34
29
22
24
37
39
40
41
38
34
31
35
46
40
38
44
44
44
43
42
38
40
38
35
39
37
45
53
47
43
37
44
47
44
36
34
30
40
47
45
39
35
40
45
43
44
40
39
37
48
37
37
37
38
38
39
42
44
43
49
42
30
29
33
33
37
36
38
35
34
33
40
48
53
46
46
40
40
33
35
46
51
46
53
50
48
44
39
39
41
42
45
52
47
37
39
38
35
42
49
50
42
35
29
37
41
40
36
35
32
29
24
33
34
43
49
56
44
53
50
45
43
49
55
50
46
43
48
41
35
37
46
35
36
31
37
29
29
29
36
47
46
38
35
38
36
40
40
40
36
36
37
39
44
39
37
38
40
35
39
35
38
43
48
46
42
38
45
34
28
34
47
52
44
46
46
45
40
41
35
35
43
44
47
41
37
38
40
46
46
41
37
41
37
37
41
39
39
35
39
41
40
44
41
42
34
42
44
44
41
33
31
30
35
39
44
43
39
41
46
33
36
35
39
43
35
33
30
46
39
42
41
47
47
44
39
49
41
34
33
35
41
36
39
34
44
41
42
43
46
39
36
36
35
37
39
35
32
40
39
34
30
28
23
27
38
43
40
37
44
43
39
33
37
44
42
49
47
39
39
40
39
43
47
45
43
48
42
42
38
38
35
38
36
39
43
39
50
45
52
53
45
34
36
43
47
38
32
31
